k1 = [-0.01116125  0.00408979 -0.        ]
k2 = [-0.01116126  0.00408979 -0.        ]
k3 = [-0.01116126  0.00408979 -0.        ]
k4 = [-0.01116127  0.0040898  -0.        ]
r2 = [  5.59759038 -12.83259993   0.        ]
--------------------------------------------------------------------------------
k1 = [ 0.00781288 -0.00286285  0.        ]
k2 = [ 0.00781288 -0.00286286  0.        ]
k3 = [ 0.00781288 -0.00286286  0.        ]
k4 = [ 0.00781289 -0.00286286  0.        ]
r1 = [  5.23068674 -12.48968005   0.        ]
--------------------------------------------------------------------------------
